Москва,1,12678079,77
Московская,2,7690863,50
Краснодарский,3,5675462,23
Санкт-Петербург,4,5398064,78
Свердловская,5,4310681,66
Ростовская,6,4197821,61
Башкортостан,7,4038151,02
Татарстан,8,3902642,16
Тюменская,9,3756536,72
Челябинская,10,3466369,74
Нижегородская,11,3202946,52
Самарская,12,3179532,63
Дагестан,13,3110858,05
Красноярский,14,2866255,24
Ставропольский,15,2803573,26
Новосибирская,16,2798170,54
Кемеровская область,17,2657854,42
Пермский,18,2599260,59
Волгоградская,19,2491036,34
Саратовская,20,2421895,64
Иркутская,21,2391193,38
Воронежская,22,2324205,36
Алтайский,23,2317153,22
Алтай,24,2317153,04
Оренбургская,25,1956835,56
Омская,26,1926665,55
Крым,27,1912622,91
Приморский,28,1895868,25
Ленинградская,29,1875872,47
Ханты-Мансийский Автономный округ,30,1674676,86
Белгородская,31,1549151,31
Удмуртская,32,1500955,18
Чеченская,33,1478726,20
Тульская,34,1466127,71
Владимирская,35,1358416,33
Хабаровский,36,1315643,27
Пензенская,37,1305563,58
Кировская,38,1262402,43
Тверская,39,1260379,69
Ярославская,40,1253389,76
Ульяновская,41,1229824,73
Чувашская Республика,42,1217818,21
Брянская,43,1192491,32
Вологодская,44,1160445,35
Липецкая,45,1139371,48
Архангельская,46,1136535,29
Рязанская,47,1108847,62
Курская,48,1104008,46
Томская,49,1079271,70
Забайкальский,50,1059700,75
Калининградская,51,1012512,39
Тамбовская,52,1006748,68
Астраханская,53,1005782,30
Калужская,54,1002575,40
Ивановская,55,997135,37
Бурятия,56,985937,03
Саха,57,971996,14
Смоленская,58,934889,67
Кабардино-Балкарская,59,868350,07
Курганская,60,827166,45
Коми,61,820473,11
Мордовия,62,790197,13
Амурская,63,790044,28
Мурманская,64,741404,51
Орловская,65,733498,57
Северная Осетия,66,696837,15
Марий Эл,67,679417,12
Костромская,68,633385,44
Псковская,69,626115,60
Карелия,70,614064,10
Новгородская,71,596508,53
Ненецкий,72,544444,83
Ямало-Ненецкий,73,544444,89
Хакасия,74,534262,19
Ингушетия,75,507061,06
Сахалинская,76,488257,65
Саха,77,488257,14
Карачаево-Черкесская,78,465528,09
Адыгея,79,463088,01
Севастополь,80,449138,92
Тыва,81,327383,17
Камчатский,82,313016,41
Калмыкия,83,271135,08
Алтай,84,220181,04
Еврейская,85,158305,79
Магаданская,86,140149,49
Архангельская,87,92424,29
Тюменская,88,53746,72
Чукотский,89,50288,87
Ненецкий,90,44111,83
